wds_ni_is_t1
195,163,116,105,179,183,298,198,201,132,245,129,247,407,51,312,165,297,234,293,302,377,158,230,237,373,283,119,121

wds_ni_is_t2
195,116,407,245,163,129,51,246,161,234,377,119,155,237,371,359,198,249,283,302,312,179,247,340,165,188,298,134,233

wds_impsites
171,176,124,203,173,307,121,209,140,164,199,322,432,159,191,375,303,308,67,371,412,187,299,240,161,117,196,255,141

sws_impsites
102,138,364,124,128,129,30,297,333,179,47,62,362,357,54,244,109,131,140,167,171,100,136,252,97,117,186,127,139

mws_impsites
142,31,48,101,306,157,261,83,78,252,199,365,302,162,275,248,30,264,272,274,333,271,146,204,317,158,55,71,92

rod_impsites
146,348,252,142,340,260,134,320,77,102,133,139,143,196,246,335,338,350,85,131,106,324,34,343,132,95,141,37,264

